-547.227 2529.81 441.197
594.339 2502.57 524.47
728.408 2492.47 -388.417
-163.252 2463.69 -908.526
-1104.3 2283.4 -675.71
486.951 2264.99 -1238.62
1501.08 2146.5 -229.601
993.195 1982.76 1403.34
-298.019 2111.11 1537.45
-1634.33 1977.92 540.288
-1766.17 1300.7 1428.11
-514.991 1192.6 2277.27
1654.27 1225.13 1627.67
1250.32 608.513 2219.76
2530.51 177.723 643.654
2416.39 981.617 -302.625
1701.94 162.478 -1979.66
243.161 1055.62 -2389.31
-1522.5 219.526 -2119.76
-2466.64 550.328 -704.305
-2498.29 618.53 528.519
-1690.61 28.439 2005.86
-2605.43 15.2472 321.936
-2621.05 -42.8732 135.119
818.508 -59.3402 2489.57
-168.573 -465.996 2576.01
2473.05 -305.471 -789.89
2447.05 -640.34 674.195
376.123 -523.088 -2548.31
-1967.12 1341.56 -1091.98
-642.409 -1884.94 1721.06
1197.5 -1667.39 1628.72
-1731.29 -1777.48 852.751
-364.675 -2541.92 556.583
-1192.88 -2283.06 -510.976
-1763.13 -1469.39 -1288.82
-724.541 -2020.35 -1505.46
552.271 -2166.48 -1391.71
1445.31 -2013.62 -854.103
1414.7 -2214.85 120.921
1595.49 -1452.34 -1508.86
2130.61 -1522.22 -172.25
99.7622 -2563.75 -584.284
